x = 20;
y = 20;	

int temp_mat [20][20] = {	
{0,0,0,0,0,0,0,0,0,0,0,0,0,0,0,0,0,0,0,0},
{0,0,0,0,0,0,0,0,0,0,0,0,0,0,1,0,0,1,0,0},
{0,0,0,0,0,0,0,0,0,0,0,0,0,1,0,0,0,0,0,0},
{0,0,0,0,0,0,0,0,0,0,0,0,0,1,0,0,0,1,0,0},
{0,0,0,0,0,0,0,0,0,0,0,0,0,1,1,1,1,0,0,0},
{0,0,0,0,0,0,0,0,0,0,0,0,0,0,0,0,0,0,0,0},
{0,0,0,0,0,0,0,0,0,0,0,0,0,0,0,0,0,0,0,0},
{0,1,0,0,0,0,0,0,0,0,0,0,0,0,0,0,0,0,0,0},
{0,0,1,0,0,0,0,0,0,0,0,0,0,0,0,0,0,0,0,0},
{1,1,1,0,0,0,0,0,0,0,0,0,0,0,0,0,0,0,0,0},
{0,0,0,0,0,0,0,0,0,0,0,0,0,0,0,0,0,0,0,0},
{0,0,0,0,0,0,0,0,0,0,0,0,0,0,0,0,0,0,0,0},
{0,0,0,0,0,0,0,0,0,0,0,0,0,0,0,0,0,0,0,0},
{0,0,0,0,0,0,0,0,0,0,0,0,0,0,0,0,0,0,0,0},
{0,0,0,0,0,0,0,0,0,0,0,0,0,0,0,0,0,0,0,0},
{0,0,0,0,0,0,0,0,0,0,0,0,0,0,0,0,0,0,0,0},
{0,0,1,0,0,0,0,0,0,0,1,1,1,0,0,0,1,1,0,0},
{0,0,1,0,0,0,0,0,0,1,1,1,0,0,0,0,1,0,1,0},
{0,0,1,0,0,0,0,0,0,0,0,0,0,0,0,0,0,1,0,0},
{0,0,0,0,0,0,0,0,0,0,0,0,0,0,0,0,0,0,0,0}
};
					
int ** mat = new int*[y];
for(int i = 0; i < y ; i++){
	mat[i] = new int[x];
	for(int j = 0; j < x ; j++){
		mat[i][j] = temp_mat[i][j];
	}
}

conway(mat, x, y, turnos);
